20
1
1 0
2
1 332
2 0
6
1 332
2 258
20 516
19 258
18 232
3 0
5
1 332
2 490
13 464
6 232
4 0
5
1 332
2 658
10 400
13 232
5 0
4
1 332
2 258
13 232
6 0
4
1 790
2 458
10 200
7 0
6
1 532
2 458
10 200
13 432
5 200
8 0
8
1 690
2 722
10 864
20 980
19 722
13 232
18 358
9 0
3
1 590
2 258
10 0
5
1 690
2 874
20 358
12 158
11 0
4
1 532
2 716
20 200
12 0
6
1 564
2 490
10 632
20 748
19 490
13 0
7
1 532
2 690
19 690
13 390
18 200
9 158
14 0
6
1 590
2 516
20 516
19 258
13 232
15 0
5
1 948
2 616
10 358
7 158
16 0
2
1 332
17 0
5
1 332
2 490
19 490
13 590
18 0
4
1 332
2 258
20 258
19 0
3
1 332
2 516
20 0
