20
2 19 5
6
0 1 2 3 4 5 
6
0 332 564 332 332 0 
3 19 4
5
0 1 2 3 4 
5
0 258 490 258 0 
13 19 3
4
0 1 2 3 
4
0 258 748 0 
6 6 7
4
0 5 6 7 
8
0 664 464 664 490 332 232 0 
1 19 6
5
0 2 4 5 6 
7
0 664 232 664 658 332 0 
1 6 6
5
0 2 4 5 6 
7
0 516 232 516 258 332 0 
10 19 8
3
0 7 8 
9
0 716 832 716 458 790 600 200 0 
10 8 8
4
0 6 7 8 
9
0 716 432 716 458 532 200 200 0 
14 18 8
4
0 2 7 8 
9
0 722 232 590 722 690 358 158 0 
5 19 7
4
0 4 6 7 
8
0 516 632 516 258 590 400 0 
12 20 8
3
0 7 8 
9
0 616 1106 874 874 690 358 158 0 
20 20 7
3
0 6 7 
8
0 458 948 716 716 532 200 0 
19 19 2
3
0 1 2 
3
0 490 0 
18 18 7
4
0 2 6 7 
8
0 690 390 432 690 532 200 0 
13 15 3
4
0 1 2 3 
4
0 258 232 0 
7 19 9
3
0 8 9 
10
0 874 990 874 616 948 758 358 158 0 
1 17 6
3
0 5 6 
7
0 664 896 664 664 332 0 
1 18 6
5
0 2 3 5 6 
7
0 490 590 232 490 332 0 
0 19 1
2
0 1 
2
0 0 
1 20 6
4
0 1 5 6 
7
0 258 748 516 516 332 0 
