20
1 1 0 
7 2 0 19 258 10 258 6 258 3 258 1 332 13 490 
3 3 0 19 258 1 332 
7 4 0 6 232 1 332 3 748 10 748 19 748 13 464 
6 5 0 10 400 13 232 1 332 3 916 19 722 
6 6 0 3 516 10 516 19 516 13 232 1 332 
6 7 0 10 200 13 832 1 790 3 716 19 716 
7 8 0 10 200 5 200 13 432 1 532 3 716 19 716 
6 9 0 13 232 14 158 3 590 1 690 19 722 
5 10 0 13 632 1 590 3 516 19 516 
4 11 0 12 158 1 690 19 616 
3 12 0 1 532 19 458 
4 13 0 3 748 1 564 19 490 
5 14 0 1 532 3 432 13 390 19 690 
5 15 0 19 258 13 232 1 590 3 980 
7 16 0 7 158 10 358 13 990 1 948 3 874 19 874 
2 17 0 1 332 
6 18 0 14 200 3 232 1 332 13 590 19 490 
2 19 0 1 332 
4 20 0 19 258 12 200 1 332 
