20
1 1 0 
7 2 0 19 258 10 258 6 258 3 258 1 332 13 490 
4 3 0 10 516 19 258 1 332 
7 4 0 6 232 1 332 3 748 10 748 19 748 13 464 
6 5 0 10 400 13 232 1 332 19 722 3 980 
6 6 0 3 516 10 516 19 516 13 232 1 332 
4 7 0 10 200 1 790 19 716 
7 8 0 10 200 5 200 1 532 19 716 13 432 3 1180 
7 9 0 13 232 14 158 10 864 3 590 1 690 19 722 
3 10 0 1 590 19 516 
4 11 0 12 158 1 690 19 616 
3 12 0 1 532 19 458 
5 13 0 10 632 3 748 1 564 19 490 
6 14 0 1 532 3 432 13 390 10 948 19 690 
6 15 0 19 258 13 232 1 590 10 864 3 980 
5 16 0 7 158 10 358 1 948 19 874 
2 17 0 1 332 
7 18 0 14 200 3 232 1 332 13 590 10 748 19 490 
2 19 0 1 332 
4 20 0 19 258 12 200 1 332 
